.Random.seed <-
c(403L, 10L, -169664718L, 1416517764L, 1227588807L, -1109825635L, 
-1683934444L, -1794825798L, 931084293L, 1922911711L, -1800961946L, 
-958877712L, -2048325357L, 1344157361L, -995196576L, -1421723906L, 
-1719889271L, 715828667L, 777189258L, -461373844L, -1552605201L, 
1642444837L, 2129254620L, -8651086L, 635728301L, 1441641831L, 
1668940430L, 558746472L, -171887765L, -105280247L, 705512344L, 
-1348873530L, 40753185L, 1126263987L, -602444254L, -1760956396L, 
-1325484905L, -304226675L, 986451876L, -1726983798L, 1389497845L, 
-1556717489L, -1385130154L, 111250944L, -431472829L, 1838536417L, 
708768848L, 1306033326L, 1736837209L, 1211312235L, -901108262L, 
-16542052L, -2111149921L, -1808047371L, -965959796L, -1317679518L, 
1593799229L, -1661387593L, 704594782L, 443901592L, 1873577467L, 
795580313L, -1827102680L, -1093703466L, 1859415377L, 836221955L, 
1633362834L, -1900637916L, 1879214055L, -945750979L, -1512920396L, 
-118224614L, 693471845L, 1461255935L, -529857658L, 88769808L, 
-435462733L, 513326673L, -1219117568L, -2088789282L, -558810839L, 
-697563941L, -580910102L, 1411494796L, 1007170767L, -1260544891L, 
-503834820L, -2143517166L, -484014835L, 1394142791L, 537981998L, 
-389482104L, 178536587L, 1618385513L, -739760584L, -1036378394L, 
-871613823L, -850942445L, 622522818L, 507820660L, 332094583L, 
-1583864467L, -83871228L, -80750294L, 1769516693L, -2027780817L, 
1732853814L, -331697056L, 267762339L, 655396289L, 1323755952L, 
2027305166L, -1573206471L, 439867467L, -156939782L, 1624442108L, 
-620844737L, 1172481557L, 1028502828L, -419531262L, 1285852381L, 
-749635625L, -2076228930L, -1642228488L, 1185049307L, -169692871L, 
1484403848L, -484953034L, 1480069233L, 1962853027L, -30894094L, 
752368452L, 1975522311L, 603714013L, -20861228L, -1309781510L, 
488488261L, -2129294945L, 101776166L, -382311504L, 1571057747L, 
-1119261839L, -902391136L, -2032882114L, -1477704375L, -1943471109L, 
163315658L, 2051658028L, -10891985L, -673303579L, -826021220L, 
92794610L, 611786605L, 1061042343L, -1963648306L, -532117464L, 
1913787435L, -1630448055L, 598466392L, -1089676794L, 762610657L, 
-1908252301L, 204362210L, -1316739756L, -1850942377L, 1220730957L, 
1075373028L, -2019376694L, -1088927691L, -978827633L, -985172074L, 
-536634560L, -59337213L, -1453396959L, 580435728L, -1981131538L, 
30424217L, -267708117L, 305287194L, -1051194660L, -694084897L, 
1621124277L, 1332941388L, -1399447902L, 894576125L, -1678389513L, 
-1565841378L, 92539608L, 749239867L, -1727353895L, 908982632L, 
234426518L, 1325755921L, -520747069L, 155810770L, -1830042012L, 
1645106599L, 1449609981L, 1169624820L, -235525670L, -7017179L, 
551402559L, 1842670534L, 578635856L, 926229619L, -630962031L, 
-1046996800L, 1439797918L, 1231244905L, -761766245L, 1588278186L, 
920377292L, 509192847L, -1756380475L, 779823740L, 1362044626L, 
1274401357L, 1922219783L, -1033329938L, -1968711736L, -522168117L, 
-1151637207L, 1578062200L, -614771034L, -1145380671L, 49162579L, 
811619842L, -1037717708L, -875758409L, 1082013808L, 812953636L, 
-2139080L, -1689194726L, 573680848L, -698826948L, -182380L, 633201538L, 
298609088L, -1504969156L, 2114610576L, 1567792674L, 813909256L, 
-1444839796L, 798289692L, 605094034L, -1234699904L, -74983916L, 
1715679016L, 1799612986L, -1399112240L, -1034024596L, -1607007308L, 
306722834L, -1354463776L, 1438504908L, 1586938080L, -911132638L, 
-296570584L, -1070166516L, -393681092L, 1986663410L, 1194584816L, 
-1491194300L, 1044451928L, -233709766L, -135391760L, -1571850564L, 
-1933797100L, -472460606L, 1005913184L, 1147376508L, 1361864656L, 
1893445922L, -1444496728L, 431192972L, -1363294020L, 1311604530L, 
1532422720L, -2035016524L, 252146248L, -1578142278L, 1748009488L, 
-106208532L, -766074540L, -1258643182L, -411275872L, 360952524L, 
-748650912L, 774690754L, 784217896L, -510349396L, -87739588L, 
205654386L, -656827600L, -1748878044L, -769422536L, -1118245158L, 
1482278800L, -181530884L, -1044890732L, 25636930L, 861312256L, 
1083262012L, 636944720L, 1824784546L, 649539912L, -887585012L, 
1397818076L, -836821678L, 1114166400L, 1869443156L, -2092806168L, 
-1492326150L, 248716112L, -1478869204L, 507922804L, 1639852946L, 
-193628064L, -506028660L, -1346192544L, 1764686306L, 377508776L, 
-353856308L, 1052921852L, -425744974L, -338078224L, 1826220996L, 
-1676429992L, -759064198L, 192365488L, -86664772L, -80525228L, 
-2125953086L, -1179217888L, -1107916612L, -1971133872L, 1584604130L, 
-1524408216L, 731231308L, 479095036L, 1735535602L, 2108713216L, 
1928384884L, 1843919880L, 1997066170L, -1299807792L, -896242708L, 
-943640172L, -875925038L, 1145102688L, -582000820L, -1225549536L, 
-1645564030L, -675701016L, -928542484L, -377441220L, 778087282L, 
556498544L, 791016484L, -1980871880L, 164039834L, 1328771792L, 
-989495108L, -1347932524L, -2057386366L, -847800128L, -1387662532L, 
-509272944L, -1201250782L, 1391181832L, -109511412L, 1854839964L, 
-32891374L, -1053507712L, 1541500436L, 593463848L, -793459398L, 
31152592L, 991114348L, -74139340L, 1876059794L, 2142800736L, 
-137854132L, -157575200L, -34396254L, -1360377944L, -490484340L, 
-823269188L, -1539929742L, -2109721360L, -41549756L, 369955160L, 
774846010L, -1881171088L, -562530244L, 1872666388L, -1880623678L, 
1567996640L, -773707908L, 32566992L, -405423966L, -1225761752L, 
-1482218228L, -327800900L, -895555278L, -1134466624L, -2111862220L, 
220179400L, 1262450874L, -2002871920L, -268111380L, -347864492L, 
-2091712366L, 2144403232L, 1360406988L, -1304242720L, -1082526014L, 
-334257112L, 1196815020L, -534395716L, -518948366L, -1783086800L, 
-302148444L, -1026365768L, 14617946L, -2006686320L, -939207812L, 
1584363796L, 945722178L, -852542720L, 1101264828L, -415809712L, 
-299875550L, 39378248L, 1073969676L, -936486820L, -223130414L, 
-1021847040L, 817352020L, -70116888L, -929227782L, -43208496L, 
197098796L, -457248012L, 4516242L, 1979577440L, -170736372L, 
748622560L, -1197635230L, -1191736664L, -815902132L, 1822196092L, 
258737458L, -1330147216L, -981207228L, 2045169112L, 211183783L, 
-1685674032L, -1950363794L, 1853818395L, 381710205L, 2137421162L, 
-1516262392L, -2100505423L, 719926051L, 573112356L, 2095239890L, 
-1735313625L, 49088881L, 944222134L, 1595302740L, -118993435L, 
-63580177L, 1008121640L, 83496838L, -1478665293L, -2078422251L, 
506865010L, -1289496128L, -92382679L, -575897957L, -664483988L, 
1863696250L, 64719023L, -779992135L, 806004174L, -1365847780L, 
-898476915L, 1174018295L, 287224832L, 1074697822L, 410937643L, 
-599164371L, 1591216794L, -2014980520L, 1409890753L, 1980647027L, 
-339033196L, 1226226210L, -1417149129L, -1358093311L, -1596036858L, 
-1840571068L, -413458315L, 1816130015L, 244161848L, 2050903830L, 
1018572579L, 552873189L, 301226242L, -1844716688L, 1774236441L, 
-1227242741L, -155348996L, -1548473302L, -2091270049L, 1071769577L, 
1619585278L, -366159636L, -850273219L, -814698489L, 975891440L, 
-255309938L, 415135163L, 1458172829L, 1173219658L, -1558781592L, 
-626022575L, 1321686083L, -330113724L, 1803705842L, -1818372153L, 
530069905L, 1692806422L, 1315304820L, 1555198981L, 1527477327L, 
-224098232L, -1417740826L, 1102517011L, 642278517L, 1473003090L, 
813480096L, -839257719L, -1749188165L, 782573068L, -1704867942L, 
-1910796529L, 1446679897L, 1803333614L, 1253521020L, 220913389L, 
-83318377L, -343014816L, -1619863490L, 1597104395L, 1030706061L, 
2038968506L, -109283592L, 101702817L, -1191032749L, 2092700532L, 
-20524798L, -1007562345L, -1880626335L, -135868506L, 606509476L, 
-1701306283L, 1966986495L, -1579255400L, 1242071734L, -856270013L, 
-1852709243L, 1657719586L, -27758576L, 2069097401L, 1465793643L, 
968654684L, -814782838L, 532431487L, -975942711L, 2068346974L, 
-626234612L, -702795043L, 2025528295L, -2058600432L, -1624101586L, 
-1257414181L, 819492541L, 2127832106L, -1383181112L, 993317361L, 
-112779421L, 1025746788L, -1879671150L, 397376359L, 1372841265L, 
862125686L, 36724628L, 1622358949L, -2113418065L, -489537176L, 
354560326L, 787087603L, 1486831189L, -1097457102L, -823078912L, 
